29.0~29.0,1.0,1,1;48.0,3.0,3,1;51.0,7.0,7,0;57.0,5.0,5,1;67.0,9.0,9,1;73.0,13.0,13,1;76.0,15.0,15,1;80.0,19.0,19,1
32.0~32.0,1.0,1,1;48.0,5.0,5,0;51.0,3.0,3,1;54.0,7.0,7,0;55.0,15.0,15,0;74.0,11.0,11,1;83.0,19.0,19,1;88.0,26.0,13,1
35.0~35.0,1.0,1,1;51.0,5.0,5,0;53.0,11.0,11,0;74.0,19.0,19,0;79.0,13.0,13,1;81.0,14.0,7,1;82.0,15.0,15,1;84.0,17.0,17,1
33.0~33.0,1.0,1,1;52.0,3.0,3,1;61.0,5.0,5,1;67.0,7.0,7,1;71.0,9.0,9,1;75.0,11.0,11,1;77.0,13.0,13,1
30.0~30.0,1.0,1,1;49.0,3.0,3,1;52.0,7.0,7,0;58.0,5.0,5,1;68.0,9.0,9,1;72.0,11.0,11,1;77.0,15.0,15,1;79.0,17.0,17,1
33.0~33.0,1.0,1,1;52.0,3.0,3,1;55.0,7.0,7,0;61.0,5.0,5,1;71.0,9.0,9,1;75.0,11.0,11,1;77.0,13.0,13,1;80.0,15.0,15,1;82.0,17.0,17,1
36.0~36.0,1.0,1,1;52.0,5.0,5,0;54.0,11.0,11,0;55.0,3.0,3,1;74.0,9.0,9,1;80.0,13.0,13,1;83.0,15.0,15,1;85.0,17.0,17,1;87.0,19.0,19,1
34.0~34.0,1.0,1,1;53.0,3.0,3,1;62.0,5.0,5,1;68.0,7.0,7,1;72.0,9.0,9,1;76.0,11.0,11,1;78.0,13.0,13,1
31.0~31.0,1.0,1,1;50.0,3.0,3,1;53.0,7.0,7,0;59.0,5.0,5,1;69.0,9.0,9,1;72.0,21.0,21,0;75.0,13.0,13,1;78.0,15.0,15,1;80.0,17.0,17,1
34.0~34.0,1.0,1,1;53.0,3.0,3,1;59.0,17.0,17,0;62.0,5.0,5,1;72.0,9.0,9,1;76.0,11.0,11,1;78.0,13.0,13,1;80.0,14.0,7,1;81.0,15.0,15,1
37.0~37.0,1.0,1,1;53.0,5.0,5,0;55.0,11.0,11,0;56.0,3.0,3,1;59.0,7.0,7,0;75.0,9.0,9,1;81.0,13.0,13,1;84.0,15.0,15,1;88.0,19.0,19,1
35.0~35.0,1.0,1,1;54.0,3.0,3,1;57.0,7.0,7,0;73.0,9.0,9,1;75.0,10.0,5,1;77.0,11.0,11,1;79.0,13.0,13,1;82.0,15.0,15,1
32.0~32.0,1.0,1,1;51.0,3.0,3,1;54.0,7.0,7,0;60.0,5.0,5,1;70.0,9.0,9,1;74.0,11.0,11,1;76.0,13.0,13,1;79.0,15.0,15,1
35.0~35.0,1.0,1,1;53.0,11.0,11,0;54.0,3.0,3,1;63.0,5.0,5,1;69.0,7.0,7,1;73.0,9.0,9,1;79.0,13.0,13,1;82.0,15.0,15,1
38.0~38.0,1.0,1,1;57.0,3.0,3,1;76.0,9.0,9,1;77.0,19.0,19,0;85.0,15.0,15,1;87.0,17.0,17,1
36.0~36.0,1.0,1,1;52.0,5.0,5,0;54.0,11.0,11,0;74.0,9.0,9,1;80.0,13.0,13,1;83.0,15.0,15,1;85.0,17.0,17,1;87.0,19.0,19,1
33.0~33.0,1.0,1,1;49.0,5.0,5,0;51.0,11.0,11,0;55.0,7.0,7,0;59.0,9.0,9,0;80.0,15.0,15,1;82.0,17.0,17,1;84.0,19.0,19,1;89.0,26.0,13,1
36.0~36.0,1.0,1,1;49.0,17.0,17,0;55,3.0,3,1;80.0,13.0,13,1;83.0,15.0,15,1;87.0,19.0,19,1;90.0,22.0,11,1
27.0~27.0,1.0,1,1;46.0,3.0,3,1;49.0,7.0,7,0;55.0,5.0,5,1;74.0,15.0,15,1;76.0,17.0,17,1;78.0,19.0,19,1;81.0,22.0,11,1;83.0,26.0,13,1
25.0~25.0,1.0,1,1;44.0,3.0,3,1;52.0,19.0,19,0;55.0,11.0,11,0;71.0,14.0,7,1;72.0,15.0,15,1;74.0,17.0,17,1;81.0,26.0,13,1
25.0~25.0,1.0,1,1;47.0,7.0,7,0;53.0,5.0,5,1;55.0,11.0,11,0;56.0,6.0,3,1;72.0,15.0,15,1;74.0,17.0,17,1;75.0,18.0,9,1;81.0,26.0,13,1
22.0~22.0,1.0,1,1;41.0,3.0,3,1;56.0,7.0,7,1;62.0,10.0,5,1;69.0,15.0,15,1;72.0,18.0,9,1;73.0,19.0,19,1;76.0,22.0,11,1;78.0,26.0,13,1;83.0,34.0,17,1
25.0~25.0,1.0,1,1;43.0,11.0,11,0;53.0,5.0,5,1;56.0,6.0,3,1;69.0,13.0,13,1;76.0,19.0,19,1;83.0,28.0,7,1
25.0~25.0,1.0,1,1;53.0,5.0,5,1;55.0,11.0,11,0;56.0,6.0,3,1;74.0,17.0,17,1;78.0,21.0,21,1;84.0,30.0,15,1
28.0~28.0,1.0,1,1;56.0,5.0,5,1;58.0,11.0,11,0;47.0,3.0,3,1;77.0,17.0,17,1;81.0,21.0,21,1;84.0,26.0,13,1;87.0,30.0,15,1
26.0~26.0,1.0,1,1;54.0,5.0,5,1;60.0,7.0,7,1;77.0,19.0,19,1;80.0,22.0,11,1;87.0,34.0,17,1
23.0~23.0,1.0,1,1;54.0,6.0,3,1;57.0,7.0,7,1;60.0,17.0,17,0;77.0,22.0,11,1;79.0,26.0,13,1;82.0,30.0,15,1;86.0,38.0,19,1
26.0~26.0,1.0,1,1;54.0,5.0,5,1;56.0,11.0,11,0;57.0,6.0,3,1;77.0,19.0,19,1;82.0,26.0,13,1;88.0,36.0,9,1
29.0~29.0,1.0,1,1;60.0,6.0,3,1;63.0,7.0,7,1;78.0,17.0,17,1;80.0,19.0,19,1;88.0,30.0,15,1
27.0~27.0,1.0,1,1;55.0,5.0,5,1;57.0,11.0,11,0;58.0,6.0,3,1;65.0,9.0,9,1;71.0,13.0,13,1;74.0,15.0,15,1;76.0,17.0,17,1;78.0,19.0,19,1
24.0~24.0,1.0,1,1;55.0,6.0,3,1;66.0,11.0,11,1;74.0,18.0,9,1;80.0,26.0,13,1;82.0,28.0,7,1;88.0,40.0,5,1
27.0~27.0,1.0,1,1;61.0,7.0,7,1;67.0,10.0,5,1;81.0,22.0,11,1;58.0,6.0,3,1;85.0,28.0,7,1;89.0,36.0,9,1
30.0~30.0,1.0,1,1;61.0,6.0,3,1;60.0,11.0,11,0;68.0,9.0,9,1;70.0,10.0,5,1;72.0,11.0,11,1;74.0,13.0,13,1;77.0,15.0,15,1;79.0,17.0,17,1;81.0,19.0,19,1
28.0~28.0,1.0,1,1;53.0,17.0,17,0;68.0,10.0,5,1;74.0,14.0,7,1;79.0,19.0,19,1;82.0,22.0,11,1;84.0,26.0,13,1;87.0,30.0,15,1